% -------------------------------------------------------------------
%  Generated by MATLAB on 22-Dec-2022 14:36:24
%  MATLAB version: 9.8.0.1721703 (R2020a) Update 7
% -------------------------------------------------------------------
                                     

VariantControl = 1;


Choice_2 = Simulink.Variant;
Choice_2.Condition = 'VariantControl== 1';

RadioAnalogByteFive = 51;

RadioAnalogByteFour = 51;

RadioAnalogByteOne = 87.140625;

RadioAnalogByteSeven = 51;

RadioAnalogByteSix = 51;

RadioAnalogByteThree = 51;

RadioAnalogByteZero = 51;


CANok = 0;


ToDelete = 121.5515625;

